Unique Video IDs: 248

List of unique video IDs (sorted):
20933
20935
20937
20952
20972
20983
20989
20999
21000
21007
21022
21036
21045
21053
21060
21083
21093
21099
21108
21136
21151
21179
21182
21200
21216
21237
21249
21298
21323
21326
21334
21356
21367
21374
21378
21385
21397
21403
21424
21425
21431
21533
21557
21570
21571
21588
21594
21610
21656
21659
21672
21673
21686
21731
21775
21777
21781
21798
21799
21800
21832
21837
21843
21862
21868
21885
21890
21897
21927
21944
21961
21962
21986
21990
22070
22078
22082
22091
22093
22098
22102
22113
22117
22134
22138
22141
22144
22145
22150
22156
22166
22177
22181
22189
22212
22216
22220
22228
22230
22234
22254
22258
22261
22262
22263
22267
22275
22278
22294
22326
22331
22356
22358
22367
22411
22432
22443
22447
22461
22463
22465
22468
22469
22481
22509
22520
22522
22545
23636
23652
23677
23678
23764
23790
23803
23830
23860
23882
23904
23913
23942
24073
24102
24130
24149
24236
24507
24539
24618
24627
24636
24640
24647
24663
24677
24716
24735
24742
24743
24744
24749
24755
24769
24824
24835
24838
24854
24858
24890
24933
24952
24953
26352
26718
26721
26730
26746
26762
26780
26786
26788
26796
26811
26815
26818
26825
26840
26845
26860
26864
26910
26953
26969
26974
26989
26993
26999
27004
27009
27021
27047
27048
27081
27084
27111
27135
27136
27143
27145
27173
27176
27209
27217
27227
27270
27275
27284
27299
27300
27330
27342
27363
27480
27529
27534
27540
27545
27554
27561
27571
27572
27584
27597
27601
27607
27619
27629
27637
27653
27668
27669
27676
27680
27689
27691
27694
27700
27707
